1314
476
889
2412
1612
2043
2441
2253
1618
2025
1749
1172
482
523
830
800
1934
1370
2228
272
2417
2183
1442
215
555
1939
1478
193
1320
366
1041
1581
844
1475
2009
1519
2100
1358
837
1310
1510
1048
91
2052
885
503
422
402
1528
1382
2088
1742
412
345
1170
1542
769
1914
375
592
979
1307
1338
987
722
1607
1553
2114
709
1622
1928
206
1495
645
2152
1926
1398
1736
1571
737
1195
702
211
1663
802
1392
2386
2029
4
1225
1214
168
1267
1282
200
112
799
2285
2347
2053
1443
630
872
580
1785
99
2230
463
1868
1880
267
3
1437
2011
1616
1830
1610
1472
1627
2319
1811
275
595
601
374
2316
104
1324
170
1206
1807
364
2142
431
274
2467
793
2110
940
2223
821
926
1998
2017
1650
9
1412
10
1605
775
1440
927
1565
178
2468
1488
1258
2065
2022
2390
2102
445
1402
1263
1161
560
1564
1204
2118
2320
620
2429
49
1156
1907
484
496
1978
568
883
306
2146
1294
1897
236
1418
1056
415
2036
1399
2346
1695
126
72
919
1967
2004
631
1831
1419
1044
2456
982
333
576
1409
2377
1724
1866
1037
531
1193
195
1743
984
334
1458
1445
1867
981
859
1587
2106
1350
98
74
2185
486
1025
2002
318
1698
1873
119
61
1601
599
143
1895
1789
2458
1932
1490
717
1397
387
2420
183
457
1636
36
2089
1503
1373
118
2406
212
1514
537
1153
1532
1089
152
1887
125
1174
1134
1270
1049
2154
213
2234
135
23
1788
2143
2339
1500
1657
299
1723
1064
2354
1929
2162
2006
2040
1238
2164
2284
728
1890
307
352
115
2190
1456
1735
1753
1661
1615
534
1293
1117
1548
2206
1163
2179
746
65
1099
264
1162
1822
1908
730
788
2311
1682
2121
1745
1101
245
1339
1999
939
1095
1113
1690
282
2129
466
1614
1903
703
1572
252
121
955
363
869
1533
2361
2427
1333
1588
2153
708
148
1559
774
33
1835
2405
2124
1820
533
1640
1079
748
1909
1708
62
1791
251
1526
2345
1714
1562
436
1520
1569
854
2240
287
2117
1260
255
2308
656
2344
1277
1800
958
1992
160
2369
2371
2389
70
936
1579
2212
1896
1032
189
230
2416
2205
309
1675
705
668
1985
1123
2055
2278
120
34
743
17
224
400
1798
2396
1394
15
575
829
1431
1038
573
2315
2242
857
1975
2373
2250
507
327
583
222
314
2024
1406
504
1942
518
2054
2432
1244
2357
1598
2349
228
804
1756
1842
1806
1234
2329
689
1960
757
866
2120
564
2013
732
1583
723
2249
2400
819
265
1790
479
2353
354
1484
1345
2019
1030
2135
1485
805
2425
455
2309
188
2180
2310
139
2140
886
1613
24
855
441
182
1954
97
331
2447
1026
1166
1555
1050
417
1054
263
1964
1980
930
2280
1692
1823
1726
22
713
2020
37
1459
1715
138
1034
2350
2108
2380
718
771
45
136
2191
1157
1930
2101
996
365
1628
1304
753
876
714
2008
399
1668
1065
789
538
1547
369
727
87
2012
426
246
361
1
1147
1308
2132
1624
527
2186
548
2430
615
64
1755
2030
983
48
1606
893
1772
1315
909
692
641
1767
701
915
1183
2138
1769
1109
1948
2221
1363
1135
762
1804
2411
809
1773
2112
2465
1182
1001
2461
699
1273
811
2239
2335
1662
54
1652
27
1045
2372
227
1487
840
2343
2314
750
916
1585
85
1365
1888
528
1796
1132
380
1658
715
256
2362
745
1319
1066
428
540
1626
1666
1189
1278
1856
584
2273
1983
792
1840
2383
1403
2217
1329
2125
1584
454
243
373
1116
1231
729
169
1713
1311
2302
157
685
1355
1063
845
344
765
1021
552
756
1120
1110
861
2081
960
1810
196
2296
1468
219
970
966
1449
18
842
2324
2256
2091
95
903
1088
1197
1659
2075
1071
1687
736
609
879
2243
678
801
1297
1679
144
1706
2410
1082
1480
1312
1090
2342
1453
1710
395
1545
1693
2094
337
2248
342
1422
1685
1341
1247
695
346
2440
2437
289
381
1680
2198
624
2195
2401
1854
1221
2246
1759
2382
176
2139
1423
1956
2376
351
2058
461
1075
1237
1476
1654
1597
1671
2366
667
1911
1385
1460
1299
594
1901
393
770
1793
1489
1160
2283
1479
2126
1574
2264
2182
1188
2026
2046
1381
1006
1009
57
1233
2173
1561
2188
2176
2156
69
450
1190
1252
642
330
639
650
1073
578
1575
1799
593
803
577
1057
2384
505
643
2093
2068
77
2224
2220
1303
2078
616
1694
1950
2295
1994
2359
2287
1997
1469
744
1379
1865
794
1217
2305
948
912
1255
2454
78
172
1884
341
226
964
2356
317
1501
1518
1176
956
2271
2388
2216
2457
2257
90
370
1417
1223
2028
2174
1665
2375
21
856
1851
1924
427
2363
2063
414
1013
1374
1943
1931
2327
470
1256
2076
1121
1169
1959
1298
362
825
684
853
1752
1245
1192
1631
545
1551
132
179
1136
949
509
2460
1199
2267
1107
2451
782
1388
985
1841
1902
209
7
56
2060
404
1348
46
1463
1253
539
1860
607
907
1047
2282
2083
1052
353
116
1776
773
947
1639
1114
452
621
1748
1935
2092
1080
2203
83
690
2150
2219
1342
2291
159
53
2097
2293
2133
2018
1151
332
2297
2378
2147
2014
349
464
429
385
220
1094
764
1591
1829
1302
2449
1508
71
410
2426
1430
1492
890
1291
2066
1869
2368
943
1146
993
719
1364
1184
2289
1955
710
1145
673
1689
1158
2448
570
658
1816
628
1391
838
2109
2312
997
439
826
231
2041
285
1059
117
376
1595
865
1269
110
2307
2395
1265
1645
1913
217
519
2325
1991
1712
319
614
294
1347
1886
738
2286
1395
1819
1757
1454
2237
894
724
1452
1125
1435
2064
1148
763
197
2436
1386
1557
1444
137
971
2067
766
1257
2007
874
640
194
1889
816
928
694
847
467
924
2039
440
1768
1589
2442
1035
1150
603
1580
1681
563
1325
134
303
2035
1904
150
1660
1004
1173
1938
822
1974
1129
1792
2394
1744
1919
88
2113
1031
925
223
1051
1719
918
1656
2463
2294
1318
2155
1593
107
543
2466
2165
663
487
733
30
1210
1466
225
357
2010
266
1847
1922
1832
1981
1923
477
2398
2163
2015
420
257
1644
683
103
43
1678
2123
1462
250
388
1362
815
124
1279
1498
752
1535
742
483
910
1287
2077
1730
67
1673
1758
1862
202
1361
1313
1864
1905
759
1509
795
1827
1100
2184
199
1899
2352
623
76
92
2062
238
1441
1771
950
129
1647
671
1149
51
965
1335
1763
760
1330
2404
754
1986
253
1098
1505
2258
808
1209
1201
1966
813
1549
288
154
2038
1499
1309
1323
2321
526
336
1883
1027
2274
749
1802
270
411
359
1375
1817
2047
184
269
747
1186
68
1882
632
80
198
2204
513
389
1969
721
471
586
1017
100
2073
16
1915
810
44
604
605
1177
735
1337
781
485
1972
989
2423
2003
618
1317
1467
868
612
1203
707
2032
2104
323
1119
1400
1702
19
2128
1716
520
944
475
293
1194
1019
493
783
1976
161
2409
348
368
1958
1434
2085
500
298
882
767
2111
600
114
664
2000
1396
613
340
908
1321
201
888
185
1600
588
2392
1910
1797
1264
73
1108
1855
2358
648
2151
2107
672
1941
2336
2304
693
2210
1578
1524
316
839
295
31
1782
1077
204
901
1603
679
1208
2149
1704
1746
1777
311
790
780
2238
651
89
841
1506
1900
1171
1916
2269
2034
2222
772
1112
1525
680
706
1611
1103
2470
304
2403
1351
2037
2263
1870
1511
1522
547
1039
696
2247
1670
142
279
1040
1227
390
2051
296
1846
935
1700
967
988
850
559
1042
597
1979
315
1496
2231
1947
2276
1699
1996
835
1131
1596
1128
2158
324
490
1246
1290
1850
1957
1918
897
589
268
1124
546
416
1995
2355
1861
1020
1275
740
1061
384
1590
846
946
1891
1346
2330
1053
827
2322
662
1808
2332
2144
1818
75
2472
1921
2084
2171
1014
1420
843
675
329
214
1372
657
682
1619
2048
1517
186
1876
1300
1750
1198
371
1812
2031
1795
1062
1805
358
2168
1180
551
1376
42
2348
2235
1380
468
2421
1761
512
1236
1696
884
81
1224
164
896
1011
2399
1024
557
824
1433
2244
1410
959
254
2397
591
1165
1218
629
339
2462
146
291
544
1617
1727
2005
2157
235
1970
405
2446
1608
1280
1770
478
1407
145
1629
1738
1604
1447
590
474
66
596
962
1216
1411
2313
2192
5
320
153
1130
355
2200
321
166
2061
2275
432
1281
425
203
1515
1248
123
1271
1164
625
878
1205
608
1944
922
1874
1070
462
2057
2056
1241
852
1142
242
508
174
2042
1152
305
310
109
1405
2318
1181
151
1007
820
133
233
978
517
105
377
1674
2290
2387
961
582
1175
1725
210
2201
1541
1306
1784
1428
598
1859
111
93
561
259
1933
1450
28
619
367
739
465
2130
2292
2213
579
2338
1074
2415
1207
1843
2370
991
2131
443
392
2439
1413
1560
1097
1521
244
2169
394
1477
1739
2082
514
2391
554
929
1439
1871
1892
1127
1527
871
704
1951
2145
1783
1774
1191
2016
627
498
1416
1844
453
602
190
35
1623
917
1005
1457
1322
975
2137
492
2049
1137
2331
832
1474
494
175
391
1058
20
2414
565
1436
1220
572
697
529
1633
726
434
998
1824
2115
1984
58
1848
1973
1368
1249
2170
1953
1536
1982
923
2379
2433
502
660
549
1213
1497
1691
1852
1778
990
1586
2225
1655
1261
553
1332
2193
1502
1968
2218
313
2300
941
1697
1301
741
887
216
2471
1684
2099
25
698
1326
1036
141
758
1354
1906
1091
711
84
1602
1159
2023
247
2259
1229
1401
1741
617
1582
1427
2148
497
2074
2272
1414
1834
155
406
1464
812
768
1387
1875
638
52
2419
2262
637
2197
1677
1920
1781
1987
2334
1243
1240
343
755
1570
524
2098
2033
446
1833
2241
1371
2027
258
488
1898
1272
41
2453
408
1925
63
1544
82
1334
2227
140
1331
459
716
106
1104
1534
2136
2202
167
1709
516
863
1703
1540
569
1821
1801
1558
691
2402
931
433
670
776
532
1962
2367
945
1775
277
2277
1316
2127
1836
1357
1155
1212
806
55
2407
1274
261
957
1721
338
1483
828
2303
1390
1369
688
796
59
994
892
558
2365
999
451
1838
1235
1638
1118
1504
1530
1102
2408
1711
1940
1747
798
1543
611
720
12
976
2254
1179
1567
1803
2374
40
1424
1196
2360
1853
797
2122
1705
423
127
851
954
1111
677
834
849
2393
2159
1446
312
1421
2255
2177
2134
2317
165
1106
1977
654
687
556
480
2381
1461
2103
900
562
489
1283
992
1067
1592
1568
567
1305
1720
506
1539
530
921
972
1764
1523
325
2252
2095
2045
2450
1701
2178
1033
1826
1473
1669
1254
906
1825
1546
1945
649
1219
1144
2337
1367
1963
1641
273
934
2260
1737
1878
2211
2090
2473
951
1060
1425
1961
1646
360
448
2385
1594
218
1813
2071
1762
1537
1828
11
2435
